the 0.10 0.00 0.00 0.00 0.00 0.00
a 0.11 0.00 0.01 0.00 0.00 0.00
student 0.80 0.20 0.10 0.00 0.10 0.00
read 0.10 0.80 0.10 0.00 0.00 0.20
book 0.75 0.25 0.05 0.00 0.10 0.05
later 0.00 0.10 0.00 0.70 0.10 0.05
discussed 0.05 0.78 0.08 0.00 0.00 0.22
with 0.00 0.05 0.00 0.00 0.40 0.00
teacher 0.82 0.18 0.12 0.00 0.08 0.00
alice 0.88 0.05 0.15 0.00 0.40 0.10
said 0.10 0.82 0.10 0.00 0.05 0.18
she 0.20 0.05 0.00 0.00 0.88 0.25
would 0.00 0.12 0.00 0.10 0.00 0.30
help 0.12 0.74 0.05 0.00 0.05 0.25
bob 0.86 0.04 0.12 0.00 0.35 0.12
engineer 0.84 0.15 0.16 0.00 0.10 0.05
kept 0.05 0.70 0.02 0.00 0.00 0.20
her 0.18 0.04 0.00 0.00 0.85 0.18
promise 0.55 0.42 0.04 0.00 0.05 0.05
scientists 0.84 0.18 0.18 0.00 0.12 0.12
tested 0.10 0.77 0.10 0.00 0.00 0.18
device 0.72 0.20 0.05 0.00 0.18 0.05
they 0.22 0.04 0.00 0.00 0.82 0.18
machine 0.71 0.21 0.04 0.00 0.17 0.05
worked 0.05 0.76 0.05 0.00 0.00 0.16
nora 0.87 0.05 0.15 0.00 0.38 0.12
adopted 0.08 0.73 0.06 0.00 0.00 0.20
puppy 0.73 0.26 0.03 0.00 0.12 0.03
dog 0.74 0.27 0.03 0.00 0.12 0.04
followed 0.06 0.72 0.05 0.00 0.00 0.17
meal 0.72 0.21 0.06 0.00 0.08 0.04
was 0.00 0.30 0.00 0.00 0.00 0.25
cooked 0.08 0.75 0.07 0.00 0.00 0.19
by 0.00 0.04 0.00 0.00 0.42 0.00
team 0.81 0.18 0.12 0.00 0.08 0.04
won 0.06 0.79 0.05 0.00 0.00 0.18
match 0.72 0.24 0.04 0.00 0.10 0.04
looked 0.08 0.76 0.05 0.00 0.00 0.18
at 0.00 0.04 0.00 0.00 0.44 0.00
chart 0.74 0.24 0.06 0.00 0.10 0.04
talented 0.35 0.08 0.60 0.00 0.02 0.02
artist 0.82 0.16 0.14 0.00 0.07 0.03
painted 0.05 0.78 0.06 0.00 0.00 0.20
mural 0.74 0.22 0.08 0.00 0.10 0.03
carefully 0.00 0.10 0.00 0.72 0.05 0.12
because 0.00 0.02 0.00 0.12 0.40 0.00
it 0.20 0.04 0.00 0.00 0.50 0.10
rained 0.06 0.72 0.04 0.00 0.00 0.14
game 0.70 0.24 0.06 0.00 0.08 0.03
ended 0.06 0.72 0.05 0.00 0.00 0.14
teacher 0.82 0.18 0.12 0.00 0.08 0.00
spoke 0.07 0.79 0.05 0.00 0.00 0.18
to 0.00 0.03 0.00 0.00 0.45 0.00
parents 0.82 0.18 0.15 0.00 0.10 0.08
yesterday 0.00 0.08 0.00 0.78 0.04 0.10
my 0.16 0.00 0.00 0.00 0.70 0.08
friend 0.83 0.15 0.12 0.00 0.10 0.04
found 0.06 0.78 0.05 0.00 0.00 0.18
wallet 0.72 0.24 0.05 0.00 0.10 0.03
on 0.00 0.03 0.00 0.00 0.43 0.00
train 0.71 0.22 0.05 0.00 0.09 0.04
editor 0.82 0.17 0.13 0.00 0.08 0.02
article 0.74 0.23 0.06 0.00 0.09 0.03
mattered 0.06 0.74 0.05 0.00 0.00 0.16
cat 0.74 0.26 0.06 0.00 0.09 0.04
chased 0.07 0.79 0.05 0.00 0.00 0.18
mouse 0.74 0.24 0.05 0.00 0.09 0.04
quickly 0.00 0.10 0.00 0.76 0.04 0.10
engineers 0.83 0.16 0.14 0.00 0.08 0.03
built 0.08 0.80 0.06 0.00 0.00 0.18
bridge 0.73 0.23 0.08 0.00 0.10 0.03
near 0.00 0.03 0.00 0.00 0.42 0.00
paris 0.88 0.04 0.14 0.00 0.30 0.10
his 0.16 0.00 0.00 0.00 0.68 0.08
sister 0.83 0.15 0.14 0.00 0.10 0.05
sent 0.07 0.80 0.05 0.00 0.00 0.18
letter 0.73 0.24 0.05 0.00 0.09 0.04
from 0.00 0.03 0.00 0.00 0.43 0.00
berlin 0.87 0.04 0.14 0.00 0.28 0.10
doctor 0.83 0.16 0.14 0.00 0.08 0.02
opened 0.08 0.80 0.05 0.00 0.00 0.18
door 0.73 0.24 0.05 0.00 0.09 0.03
their 0.16 0.00 0.00 0.00 0.72 0.08
company 0.80 0.18 0.10 0.00 0.10 0.02
shipped 0.08 0.79 0.05 0.00 0.00 0.18
package 0.72 0.24 0.05 0.00 0.10 0.03
london 0.88 0.04 0.14 0.00 0.30 0.10
cake 0.72 0.24 0.05 0.00 0.08 0.03
eaten 0.06 0.76 0.05 0.00 0.00 0.16
guests 0.82 0.18 0.12 0.00 0.10 0.06
child 0.81 0.18 0.12 0.00 0.09 0.04
toy 0.72 0.24 0.05 0.00 0.09 0.03
under 0.00 0.03 0.00 0.00 0.42 0.00
table 0.72 0.24 0.05 0.00 0.09 0.03
smiled 0.06 0.74 0.04 0.00 0.00 0.16
crowd 0.75 0.22 0.08 0.00 0.08 0.04
cheered 0.07 0.78 0.05 0.00 0.00 0.18
manager 0.82 0.17 0.13 0.00 0.08 0.03
plan 0.72 0.24 0.06 0.00 0.08 0.03
failed 0.06 0.76 0.05 0.00 0.00 0.16
